1  9
2  54
3  84
4  129
5  202
6  279
7  365
8  460
9  547
10  632
11  717
12  788
13  872
14  957
15  1043
16  1138
17  1229
18  1335
19  1458
20  1559
21  1651
22  1724
23  1801
24  1888
25  1966
26  2044
27  2113
28  2178
29  2264
30  2348
31  2415
32  2506
33  2628
34  2750
35  2830
36  2930
37  3023
38  3116
39  3208
40  3283
41  3379
42  3485
43  3589
44  3676
45  3781
46  3902
47  3994
48  4080
49  4181
50  4297
51  4424
52  4516
53  4615
54  4736
55  4867
56  4985
57  5122
58  5253
59  5398
60  5509
61  5640
62  5738
63  5871
64  5989
65  6116
66  6239
67  6370
68  6504
69  6634
70  6795
71  6927
72  7058
73  7168
74  7312
75  7441
76  7562
77  7697
78  7807
79  7902
80  8018
81  8122
82  8212
83  8312
84  8410
85  8532
86  8642
87  8744
88  8850
89  8965
90  9070
91  9178
92  9278
93  9389
94  9493
95  9589
96  9676
97  9800
98  9942
99  10083
100  10213
101  10372
102  10522
103  10678
104  10814
105  10951
106  11087
107  11216
108  11333
109  11460
110  11578
111  11714
112  11843
113  11960
114  12097
115  12243
116  12375
117  12504
118  12638
119  12764
120  12887
121  13004
122  13109
123  13220
124  13332
125  13439
126  13551
127  13664
128  13772
129  13909
130  13999
131  14110
132  14206
133  14320
134  14454
135  14567
136  14688
137  14819
138  14913
139  15029
140  15132
141  15213
142  15301
143  15380
144  15488
145  15584
146  15677
147  15793
148  15908
149  16024
150  16137
151  16257
152  16376
153  16502
154  16637
155  16750
156  16851
157  16982
158  17098
159  17179
160  17264
161  17359
162  17442
163  17523
164  17597
165  17668
166  17745
167  17840
168  17936
169  18029
170  18091
171  18142
172  18205
173  18275
174  18339
175  18411
176  18471
177  18542
178  18619
179  18704
180  18801
181  18891
182  18974
183  19063
184  19125
185  19179
186  19237
187  19296
188  19352
189  19403
190  19480
191  19561
192  19648
193  19706
194  19790
195  19891
196  19992
197  20083
198  20192
199  20306
200  20416
201  20508
202  20601
203  20700
204  20801
205  20903
206  21007
207  21115
208  21258
209  21388
210  21529
211  21642
212  21766
213  21883
214  22021
215  22169
216  22289
217  22407
218  22547
219  22650
220  22747
221  22856
222  22984
223  23113
224  23231
225  23341
226  23442
227  23544
228  23634
229  23725
230  23822
231  23925
232  24015
233  24105
234  24206
235  24314
236  24422
237  24539
238  24664
239  24781
240  24921
241  25055
242  25177
243  25287
244  25415
245  25504
246  25609
247  25751
248  25886
249  26035
250  26169
251  26306
252  26430
253  26564
254  26681
255  26800
256  26898
257  27015
258  27114
259  27219
260  27335
261  27464
262  27597
263  27723
264  27867
265  27991
266  28113
267  28268
268  28410
269  28543
270  28695
271  28834
272  28970
273  29093
274  29215
275  29332
276  29437
277  29541
278  29682
279  29833
280  29989
281  30130
282  30267
283  30419
284  30541
285  30685
286  30811
287  30921
288  31035
289  31143
290  31264
291  31394
292  31502
293  31589
294  31701
295  31820
296  31936
297  32053
298  32182
299  32336
300  32465
301  32582
302  32716
303  32821
304  32940
305  33057
306  33186
307  33317
308  33458
309  33614
310  33743
311  33870
312  33996
313  34121
314  34236
315  34360
316  34459
317  34589
318  34718
319  34840
320  34949
321  35056
322  35160
323  35258
324  35355
325  35462
326  35569
327  35684
328  35810
329  35946
330  36073
331  36207
332  36336
333  36451
334  36557
335  36667
336  36777
337  36867
338  36940
339  36999
340  37095
341  37205
342  37291
343  37421
344  37531
345  37636
346  37759
347  37873
348  37979
349  38087
350  38196
351  38296
352  38393
353  38497
354  38603
355  38704
356  38784
357  38873
358  38972
359  39085
360  39182
361  39270
362  39360
363  39456
364  39530
365  39599
366  39681
367  39768
368  39844
369  39943
370  40039
371  40149
372  40263
373  40358
374  40464
375  40577
376  40661
377  40755
378  40833
379  40899
380  40968
381  41029
382  41086
383  41149
384  41205
385  41256
386  41321
387  41387
388  41468
389  41555
390  41629
391  41720
392  41807
393  41880
394  41936
395  42014
396  42091
397  42159
398  42230
399  42321
400  42415
401  42517
402  42583
403  42667
404  42744
405  42827
406  42907
407  42979
408  43061
409  43147
410  43224
411  43304
412  43399
413  43491
414  43597
415  43699
416  43797
417  43875
418  43964
419  44058
420  44137
421  44219
422  44289
423  44394
424  44478
425  44565
426  44650
427  44730
428  44822
429  44935
430  45047
431  45160
432  45269
433  45386
434  45498
435  45619
436  45729
437  45834
438  45924
439  46012
440  46108
441  46202
442  46306
443  46412
444  46521
445  46610
446  46715
447  46798
448  46892
449  47004
450  47139
451  47266
452  47402
453  47533
454  47641
455  47750
456  47851
457  47958
458  48082
459  48205
460  48320
461  48444
462  48562
463  48682
464  48795
465  48911
466  49045
467  49145
468  49234
469  49357
470  49461
471  49558
472  49651
473  49743
474  49844
475  49944
476  50038
477  50138
478  50210
479  50302
480  50399
481  50522
482  50659
483  50771
484  50866
485  50986
486  51103
487  51231
488  51357
489  51478
490  51610
491  51721
492  51845
493  51981
494  52102
495  52219
496  52347
497  52493
498  52632
499  52762
500  52907
501  53028
502  53152
503  53295
504  53431
505  53585
506  53705
507  53850
508  53981
509  54108
510  54206
511  54311
512  54423
513  54525
514  54635
515  54733
516  54821
517  54914
518  54997
519  55071
520  55168
521  55276
522  55369
523  55476
524  55579
525  55691
526  55817
527  55957
528  56068
529  56193
530  56302
531  56422
532  56517
533  56635
534  56770
535  56879
536  57001
537  57121
538  57249
539  57374
540  57512
541  57644
542  57785
543  57935
544  58088
545  58225
546  58354
547  58472
548  58613
549  58745
550  58870
551  59015
552  59159
553  59298
554  59451
555  59590
556  59725
557  59868
558  60009
559  60161
560  60297
561  60423
562  60530
563  60641
564  60762
565  60876
566  60995
567  61122
568  61242
569  61388
570  61486
571  61602
572  61722
573  61837
574  61954
575  62064
576  62183
577  62306
578  62409
579  62532
580  62659
581  62760
582  62858
583  62969
584  63074
585  63195
586  63307
587  63419
588  63515
589  63593
590  63672
591  63780
592  63874
593  63970
594  64069
595  64148
596  64243
597  64315
598  64402
599  64490
600  64591
601  64688
602  64781
603  64864
604  64969
605  65079
606  65160
607  65252
608  65333
609  65426
610  65495
611  65562
612  65615
613  65690
614  65787
615  65868
616  65935
617  66005
618  66062
619  66138
620  66204
621  66266
622  66323
623  66386
624  66439
625  66493
626  66541
627  66588
628  66649
629  66694
630  66745
631  66830
632  66927
633  67035
634  67117
635  67201
636  67263
637  67321
638  67388
639  67475
640  67548
641  67631
642  67708
643  67803
644  67891
645  67967
646  68052
647  68135
648  68217
649  68293
650  68370
651  68475
652  68567
653  68659
654  68741
655  68826
656  68922
657  69024
658  69133
659  69241
660  69367
661  69478
662  69580
663  69665
664  69774
665  69884
666  69988
667  70093
668  70210
669  70321
670  70442
671  70562
672  70673
673  70793
674  70921
675  71041
676  71134
677  71238
678  71348
679  71482
680  71603
681  71740
682  71874
683  72025
684  72172
685  72319
686  72454
687  72577
688  72699
689  72810
690  72936
691  73041
692  73133
693  73221
694  73302
695  73385
696  73449
697  73525
698  73606
699  73685
700  73757
701  73800
702  73843
703  73877
704  73942
705  74013
706  74090
707  74152
708  74234
709  74305
710  74401
711  74481
712  74554
713  74629
714  74701
715  74780
716  74882
717  74971
718  75061
719  75129
720  75218
721  75290
722  75357
723  75431
724  75496
725  75573
726  75655
727  75728
728  75816
729  75905
730  75976
731  76051
732  76137
733  76223
734  76328
735  76429
736  76521
737  76629
738  76714
739  76803
740  76914
741  77011
742  77102
743  77228
744  77334
745  77421
746  77510
747  77589
748  77696
749  77795
750  77908
751  78013
752  78095
753  78193
754  78298
755  78402
756  78491
757  78590
758  78696
759  78773
760  78855
761  78948
762  79051
763  79153
764  79256
765  79354
766  79444
767  79540
768  79637
769  79722
770  79827
771  79947
772  80026
773  80121
774  80225
775  80325
776  80399
777  80502
778  80611
779  80753
780  80884
781  81011
782  81127
783  81235
784  81328
785  81420
786  81551
787  81695
788  81837
789  81966
790  82118
791  82252
792  82399
793  82542
794  82674
795  82785
796  82898
797  83027
798  83130
799  83217
800  83322
801  83428
802  83536
803  83621
804  83721
805  83838
806  83986
807  84123
808  84238
809  84353
810  84482
811  84621
812  84742
813  84837
814  84956
815  85094
816  85209
817  85301
818  85397
819  85520
820  85645
821  85751
822  85839
823  85958
824  86083
825  86198
826  86350
827  86455
828  86576
829  86716
830  86823
831  86941
832  87072
833  87194
834  87297
835  87392
836  87506
837  87654
838  87789
839  87933
840  88070
841  88196
842  88321
843  88469
844  88593
845  88725
846  88835
847  88966
848  89087
849  89220
850  89324
851  89445
852  89583
853  89721
854  89852
855  89959
856  90091
857  90215
858  90346
859  90477
860  90620
861  90751
862  90880
863  91016
864  91144
865  91262
866  91364
867  91461
868  91561
869  91665
870  91772
871  91885
872  92022
873  92147
874  92297
875  92425
876  92550
877  92701
878  92844
879  92942
880  93079
881  93202
882  93342
883  93459
884  93571
885  93674
886  93797
887  93925
888  94026
889  94139
890  94255
891  94380
892  94489
893  94596
894  94714
895  94836
896  94938
897  95043
898  95138
899  95249
900  95353
901  95450
902  95541
903  95621
904  95713
905  95813
906  95924
907  96024
908  96121
909  96216
910  96326
911  96438
912  96532
913  96628
914  96716
915  96814
916  96949
917  97051
918  97167
919  97264
920  97370
921  97467
922  97545
923  97633
924  97760
925  97877
926  98014
927  98139
928  98273
929  98404
930  98518
931  98627
932  98746
933  98890
934  99025
935  99166
936  99263
937  99373
938  99472
939  99584
940  99706
941  99826
942  99934
943  100050
944  100153
945  100267
946  100404
947  100546
948  100668
949  100797
950  100906
951  101015
952  101143
953  101273
954  101396
955  101518
956  101656
957  101761
958  101865
959  101958
960  102061
961  102166
962  102267
963  102377
964  102492
965  102592
966  102701
967  102784
968  102898
969  102999
970  103112
971  103239
972  103372
973  103478
974  103576
975  103701
976  103828
977  103938
978  104050
979  104148
980  104262
981  104374
982  104484
983  104617
984  104731
985  104870
986  104984
987  105098
988  105219
989  105334
990  105456
991  105566
992  105695
993  105808
994  105941
995  106075
996  106188
997  106298
998  106422
999  106547
1000  106670
