1  14
2  16
3  17
4  18
5  18
6  18
7  18
8  18
9  18
10  19
11  19
12  20
13  20
14  20
15  20
16  20
17  20
18  20
19  20
20  20
21  21
22  22
23  22
24  22
25  22
26  22
27  22
28  22
29  22
30  22
31  22
32  22
33  22
34  22
35  22
36  23
37  25
38  26
39  26
40  26
41  26
42  26
43  26
44  26
45  30
46  31
47  31
48  31
49  31
50  32
51  32
52  32
53  33
54  35
55  39
56  40
57  40
58  40
59  40
60  40
61  40
62  40
63  40
64  40
65  40
66  40
67  40
68  40
69  42
70  42
71  42
72  43
73  43
74  44
75  44
76  44
77  44
78  44
79  44
80  45
81  45
82  46
83  48
84  48
85  48
86  48
87  48
88  49
89  49
90  53
91  53
92  54
93  54
94  56
95  56
96  56
97  56
98  56
99  56
100  56
101  56
102  58
103  58
104  58
105  58
106  60
107  60
108  60
109  60
110  60
111  60
112  60
113  60
114  60
115  60
116  62
117  66
118  66
119  66
120  66
121  66
122  66
123  68
124  68
125  68
126  68
127  68
128  68
129  68
130  68
131  68
132  69
133  70
134  70
135  70
136  70
137  70
138  70
139  72
140  72
141  72
142  72
143  72
144  72
145  73
146  76
147  76
148  78
149  78
150  78
151  78
152  78
153  78
154  78
155  78
156  78
157  78
158  78
159  78
160  78
161  80
162  80
163  80
164  80
165  80
166  80
167  80
168  80
169  80
170  80
171  80
172  80
173  80
174  82
175  82
176  82
177  82
178  82
179  82
180  82
181  82
182  82
183  82
184  82
185  82
186  82
187  82
188  83
189  84
190  85
191  86
192  86
193  86
194  86
195  86
196  86
197  86
198  87
199  87
200  87
201  88
202  88
203  90
204  90
205  90
206  90
207  90
208  90
209  90
210  90
211  90
212  90
213  90
214  90
215  90
216  90
217  90
218  91
219  92
220  92
221  92
222  94
223  94
224  94
225  94
226  94
227  94
228  94
229  94
230  94
231  94
232  94
233  94
234  94
235  94
236  94
237  94
238  94
239  94
240  94
241  94
242  94
243  95
244  96
245  96
246  96
247  96
248  96
249  97
250  98
251  100
252  100
253  100
254  100
255  100
256  102
257  102
258  102
259  102
260  102
261  104
262  104
263  104
264  104
265  104
266  104
267  104
268  104
269  104
270  104
271  104
272  104
273  104
274  104
275  104
276  104
277  104
278  104
279  106
280  106
281  106
282  106
283  106
284  106
285  106
286  106
287  106
288  106
289  106
290  108
291  108
292  108
293  108
294  108
295  108
296  108
297  108
298  108
299  108
300  109
301  110
302  110
303  111
304  114
305  114
306  114
307  114
308  114
309  114
310  114
311  115
312  116
313  116
314  116
315  116
316  116
317  116
318  116
319  116
320  116
321  116
322  116
323  116
324  116
325  116
326  116
327  116
328  116
329  116
330  116
331  116
332  117
333  118
334  118
335  118
336  118
337  119
338  119
339  119
340  119
341  120
342  120
343  120
344  120
345  120
346  120
347  120
348  120
349  120
350  120
351  121
352  121
353  121
354  121
355  122
356  122
357  122
358  122
359  122
360  122
361  122
362  122
363  122
364  122
365  122
366  123
367  124
368  124
369  124
370  124
371  124
372  124
373  125
374  125
375  127
376  128
377  128
378  128
379  128
380  128
381  130
382  130
383  130
384  130
385  131
386  132
387  132
388  132
389  132
390  132
391  132
392  132
393  132
394  132
395  132
396  132
397  134
398  134
399  134
400  134
401  134
402  134
403  134
404  134
405  134
406  134
407  134
408  134
409  135
410  136
411  136
412  136
413  137
414  137
415  138
416  138
417  138
418  138
419  139
420  140
421  141
422  141
423  142
424  142
425  143
426  144
427  144
428  144
429  144
430  144
431  144
432  146
433  148
434  150
435  150
436  150
437  152
438  152
439  152
440  154
441  154
442  154
443  154
444  154
445  154
446  154
447  154
448  154
449  154
450  155
451  156
452  156
453  156
454  156
455  156
456  156
457  156
458  156
459  156
460  156
461  156
462  156
463  157
464  158
465  158
466  158
467  158
468  158
469  158
470  158
471  158
472  158
473  160
474  160
475  161
476  164
477  166
478  166
479  166
480  168
481  171
482  172
483  172
484  172
485  172
486  172
487  172
488  172
489  172
490  172
491  172
492  172
493  173
494  173
495  175
496  177
497  178
498  178
499  178
500  178
501  178
502  178
503  178
504  178
505  178
506  178
507  178
508  178
509  178
510  178
511  178
512  178
513  178
514  178
515  178
516  178
517  178
518  178
519  178
520  178
521  178
522  178
523  178
524  178
525  178
526  178
527  178
528  178
529  178
530  178
531  178
532  178
533  178
534  178
535  178
536  178
537  178
538  178
539  178
540  178
541  178
542  178
543  178
544  178
545  178
546  178
547  178
548  178
549  178
550  178
551  178
552  178
553  178
554  178
555  178
556  178
557  178
558  178
559  178
560  179
561  180
562  180
563  180
564  180
565  180
566  180
567  181
568  181
569  181
570  182
571  185
572  185
573  186
574  186
575  186
576  186
577  186
578  187
579  187
580  188
581  188
582  188
583  188
584  189
585  190
586  190
587  190
588  190
589  190
590  191
591  192
592  192
593  192
594  192
595  192
596  192
597  192
598  192
599  192
600  192
601  194
602  196
603  196
604  196
605  196
606  196
607  196
608  196
609  198
610  198
611  198
612  198
613  198
614  198
615  198
616  198
617  198
618  198
619  198
620  198
621  198
622  198
623  198
624  198
625  198
626  198
627  198
628  198
629  198
630  200
631  200
632  200
633  200
634  200
635  200
636  200
637  200
638  200
639  200
640  200
641  200
642  200
643  200
644  200
645  200
646  200
647  200
648  200
649  200
650  200
651  200
652  200
653  200
654  200
655  200
656  200
657  200
658  200
659  200
660  200
661  201
662  202
663  202
664  203
665  204
666  205
667  206
668  206
669  206
670  207
671  208
672  208
673  208
674  208
675  209
676  210
677  210
678  210
679  213
680  214
681  216
682  216
683  216
684  216
685  216
686  216
687  218
688  218
689  218
690  218
691  222
692  222
693  222
694  222
695  222
696  222
697  223
698  224
699  224
700  224
701  224
702  224
703  224
704  224
705  224
706  227
707  229
708  230
709  230
710  230
711  230
712  231
713  232
714  234
715  234
716  234
717  234
718  234
719  234
720  235
721  236
722  236
723  236
724  236
725  236
726  237
727  240
728  240
729  240
730  240
731  240
732  242
733  242
734  242
735  246
736  246
737  246
738  246
739  246
740  246
741  246
742  246
743  246
744  246
745  246
746  246
747  246
748  246
749  246
750  246
751  246
752  246
753  246
754  246
755  248
756  248
757  248
758  248
759  248
760  248
761  248
762  248
763  248
764  248
765  248
766  250
767  250
768  250
769  250
770  250
771  250
772  250
773  250
774  250
775  250
776  250
777  250
778  250
779  250
780  251
781  251
782  252
783  252
784  252
785  252
786  252
787  252
788  252
789  252
790  253
791  254
792  254
793  254
794  254
795  254
796  254
797  254
798  254
799  254
800  254
801  254
802  254
803  254
804  255
805  256
806  256
807  256
808  256
809  256
810  256
811  256
812  256
813  256
814  256
815  256
816  256
817  256
818  256
819  258
820  260
821  260
822  260
823  260
824  260
825  261
826  261
827  262
828  262
829  262
830  262
831  263
832  264
833  264
834  264
835  264
836  264
837  264
838  264
839  264
840  264
841  264
842  264
843  264
844  265
845  265
846  266
847  266
848  266
849  266
850  267
851  268
852  270
853  270
854  270
855  270
856  270
857  270
858  270
859  270
860  273
861  274
862  274
863  276
864  276
865  276
866  276
867  276
868  276
869  276
870  276
871  276
872  276
873  276
874  276
875  276
876  276
877  276
878  277
879  277
880  278
881  283
882  283
883  283
884  284
885  286
886  286
887  286
888  287
889  287
890  290
891  293
892  294
893  294
894  294
895  294
896  294
897  294
898  294
899  294
900  294
901  294
902  294
903  294
904  294
905  294
906  294
907  294
908  294
909  294
910  294
911  295
912  296
913  296
914  296
915  296
916  296
917  296
918  296
919  296
920  296
921  296
922  296
923  296
924  296
925  296
926  296
927  296
928  296
929  296
930  296
931  296
932  296
933  296
934  296
935  296
936  297
937  298
938  298
939  298
940  298
941  298
942  298
943  298
944  298
945  298
946  299
947  300
948  300
949  300
950  304
951  304
952  306
953  306
954  306
955  306
956  308
957  308
958  308
959  308
960  308
961  308
962  308
963  310
964  310
965  310
966  310
967  311
968  311
969  312
970  312
971  312
972  312
973  312
974  312
975  312
976  312
977  312
978  312
979  312
980  312
981  312
982  312
983  312
984  312
985  312
986  312
987  314
988  314
989  314
990  314
991  314
992  314
993  314
994  314
995  314
996  314
997  314
998  314
999  314
1000  314
