1  50
2  95
3  144
4  203
5  283
6  389
7  462
8  558
9  651
10  756
11  851
12  935
13  1049
14  1152
15  1242
16  1322
17  1404
18  1494
19  1575
20  1657
21  1730
22  1812
23  1882
24  1950
25  2027
26  2100
27  2183
28  2266
29  2341
30  2406
31  2469
32  2539
33  2611
34  2686
35  2760
36  2825
37  2887
38  2968
39  3038
40  3111
41  3187
42  3258
43  3323
44  3385
45  3466
46  3545
47  3623
48  3717
49  3820
50  3937
51  4018
52  4103
53  4203
54  4299
55  4390
56  4496
57  4595
58  4688
59  4772
60  4859
61  4941
62  5023
63  5112
64  5211
65  5295
66  5381
67  5474
68  5570
69  5666
70  5744
71  5825
72  5913
73  5997
74  6093
75  6218
76  6344
77  6462
78  6588
79  6743
80  6883
81  7046
82  7200
83  7335
84  7459
85  7579
86  7695
87  7793
88  7913
89  8009
90  8118
91  8199
92  8288
93  8378
94  8468
95  8561
96  8648
97  8733
98  8801
99  8888
100  8994
101  9114
102  9217
103  9320
104  9447
105  9558
106  9674
107  9799
108  9945
109  10085
110  10210
111  10342
112  10456
113  10554
114  10666
115  10780
116  10891
117  11025
118  11139
119  11242
120  11361
121  11457
122  11573
123  11654
124  11741
125  11850
126  11969
127  12112
128  12229
129  12354
130  12485
131  12605
132  12728
133  12836
134  12985
135  13143
136  13264
137  13394
138  13547
139  13708
140  13862
141  14010
142  14151
143  14298
144  14426
145  14558
146  14693
147  14830
148  14958
149  15089
150  15238
151  15380
152  15511
153  15633
154  15775
155  15886
156  16023
157  16156
158  16284
159  16399
160  16500
161  16622
162  16733
163  16850
164  16983
165  17087
166  17180
167  17262
168  17357
169  17459
170  17548
171  17649
172  17736
173  17831
174  17913
175  17997
176  18072
177  18123
178  18220
179  18327
180  18428
181  18542
182  18668
183  18820
184  18919
185  19012
186  19114
187  19242
188  19366
189  19482
190  19595
191  19711
192  19804
193  19878
194  19969
195  20041
196  20120
197  20204
198  20304
199  20410
200  20518
201  20637
202  20750
203  20851
204  20945
205  21051
206  21151
207  21280
208  21360
209  21447
210  21574
211  21680
212  21823
213  21937
214  22059
215  22163
216  22287
217  22376
218  22476
219  22590
220  22702
221  22826
222  22947
223  23066
224  23201
225  23346
226  23494
227  23626
228  23736
229  23843
230  23947
231  24058
232  24159
233  24259
234  24356
235  24465
236  24588
237  24674
238  24767
239  24880
240  24980
241  25078
242  25193
243  25291
244  25406
245  25523
246  25652
247  25800
248  25933
249  26038
250  26142
251  26250
252  26387
253  26515
254  26615
255  26743
256  26872
257  26999
258  27097
259  27197
260  27291
261  27391
262  27497
263  27595
264  27694
265  27825
266  27953
267  28099
268  28225
269  28341
270  28457
271  28571
272  28672
273  28795
274  28925
275  29059
276  29210
277  29340
278  29459
279  29568
280  29681
281  29829
282  29987
283  30121
284  30230
285  30347
286  30474
287  30561
288  30647
289  30718
290  30794
291  30894
292  30991
293  31087
294  31200
295  31299
296  31401
297  31522
298  31631
299  31727
300  31833
301  31917
302  32006
303  32099
304  32200
305  32269
306  32349
307  32421
308  32535
309  32632
310  32722
311  32798
312  32889
313  32966
314  33048
315  33158
316  33246
317  33335
318  33412
319  33501
320  33575
321  33636
322  33686
323  33754
324  33833
325  33906
326  34003
327  34075
328  34168
329  34259
330  34344
331  34446
332  34531
333  34608
334  34702
335  34808
336  34890
337  34980
338  35083
339  35170
340  35261
341  35349
342  35409
343  35467
344  35539
345  35620
346  35689
347  35763
348  35807
349  35852
350  35927
351  35985
352  36053
353  36123
354  36191
355  36292
356  36396
357  36492
358  36587
359  36677
360  36762
361  36859
362  36927
363  37030
364  37126
365  37200
366  37260
367  37309
368  37384
369  37460
370  37548
371  37635
372  37705
373  37765
374  37810
375  37884
376  37964
377  38036
378  38094
379  38171
380  38282
381  38368
382  38473
383  38578
384  38699
385  38820
386  38919
387  39023
388  39125
389  39225
390  39312
391  39417
392  39525
393  39623
394  39696
395  39791
396  39853
397  39943
398  40027
399  40109
400  40184
401  40252
402  40343
403  40427
404  40518
405  40613
406  40733
407  40835
408  40950
409  41046
410  41151
411  41247
412  41336
413  41447
414  41542
415  41612
416  41734
417  41819
418  41911
419  41989
420  42072
421  42149
422  42233
423  42306
424  42391
425  42479
426  42575
427  42663
428  42767
429  42884
430  43008
431  43095
432  43184
433  43264
434  43349
435  43439
436  43550
437  43638
438  43733
439  43816
440  43900
441  43983
442  44079
443  44175
444  44279
445  44370
446  44458
447  44553
448  44636
449  44733
450  44825
451  44895
452  44967
453  45046
454  45157
455  45236
456  45323
457  45405
458  45459
459  45537
460  45615
461  45700
462  45769
463  45839
464  45913
465  45972
466  46066
467  46149
468  46243
469  46336
470  46405
471  46483
472  46568
473  46650
474  46744
475  46810
476  46900
477  46990
478  47096
479  47199
480  47288
481  47383
482  47491
483  47592
484  47700
485  47831
486  47953
487  48091
488  48220
489  48327
490  48436
491  48537
492  48658
493  48775
494  48875
495  48955
496  49080
497  49196
498  49319
499  49441
500  49567
501  49695
502  49822
503  49937
504  50059
505  50171
506  50282
507  50419
508  50565
509  50669
510  50781
511  50886
512  50985
513  51079
514  51156
515  51245
516  51341
517  51446
518  51563
519  51681
520  51782
521  51879
522  51992
523  52097
524  52203
525  52316
526  52431
527  52568
528  52705
529  52835
530  52962
531  53100
532  53231
533  53354
534  53473
535  53596
536  53716
537  53862
538  53981
539  54077
540  54207
541  54318
542  54427
543  54540
544  54639
545  54739
546  54873
547  54990
548  55120
549  55258
550  55373
551  55500
552  55586
553  55690
554  55807
555  55923
556  56035
557  56138
558  56242
559  56354
560  56463
561  56578
562  56695
563  56802
564  56892
565  56987
566  57104
567  57208
568  57307
569  57418
570  57524
571  57635
572  57773
573  57873
574  57981
575  58107
576  58233
577  58364
578  58483
579  58589
580  58709
581  58812
582  58922
583  59029
584  59149
585  59272
586  59399
587  59535
588  59671
589  59791
590  59896
591  60001
592  60106
593  60229
594  60342
595  60444
596  60552
597  60662
598  60794
599  60919
600  61033
601  61164
602  61281
603  61400
604  61526
605  61652
606  61769
607  61889
608  62016
609  62147
610  62260
611  62354
612  62462
613  62577
614  62666
615  62750
616  62837
617  62925
618  63028
619  63137
620  63236
621  63329
622  63413
623  63496
624  63574
625  63649
626  63746
627  63854
628  63957
629  64083
630  64186
631  64310
632  64421
633  64531
634  64640
635  64764
636  64859
637  64988
638  65126
639  65249
640  65402
641  65531
642  65649
643  65768
644  65899
645  66012
646  66119
647  66216
648  66307
649  66411
650  66523
651  66620
652  66705
653  66819
654  66900
655  67019
656  67156
657  67300
658  67435
659  67571
660  67697
661  67826
662  67987
663  68093
664  68194
665  68298
666  68398
667  68496
668  68575
669  68655
670  68740
671  68823
672  68906
673  68998
674  69115
675  69224
676  69320
677  69413
678  69533
679  69661
680  69771
681  69881
682  69988
683  70093
684  70217
685  70299
686  70395
687  70482
688  70556
689  70660
690  70759
691  70876
692  70987
693  71136
694  71258
695  71371
696  71474
697  71596
698  71715
699  71842
700  71982
701  72116
702  72229
703  72330
704  72436
705  72552
706  72645
707  72762
708  72884
709  73016
710  73124
711  73259
712  73369
713  73494
714  73624
715  73751
716  73868
717  73974
718  74097
719  74212
720  74333
721  74462
722  74585
723  74717
724  74848
725  74962
726  75124
727  75272
728  75409
729  75561
730  75694
731  75820
732  75933
733  76067
734  76209
735  76350
736  76459
737  76576
738  76669
739  76796
740  76925
741  77042
742  77173
743  77310
744  77443
745  77567
746  77686
747  77800
748  77916
749  78036
750  78142
751  78256
752  78369
753  78489
754  78615
755  78717
756  78830
757  78934
758  79050
759  79174
760  79290
761  79388
762  79498
763  79616
764  79734
765  79833
766  79928
767  80017
768  80133
769  80250
770  80358
771  80471
772  80579
773  80698
774  80825
775  80938
776  81052
777  81158
778  81275
779  81410
780  81522
781  81632
782  81744
783  81835
784  81942
785  82066
786  82196
787  82322
788  82427
789  82552
790  82667
791  82779
792  82873
793  82988
794  83101
795  83204
796  83310
797  83391
798  83491
799  83604
800  83719
801  83837
802  83938
803  84029
804  84105
805  84192
806  84287
807  84386
808  84480
809  84584
810  84682
811  84795
812  84894
813  85008
814  85121
815  85223
816  85327
817  85439
818  85543
819  85651
820  85744
821  85845
822  85955
823  86070
824  86185
825  86308
826  86394
827  86500
828  86604
829  86697
830  86784
831  86866
832  86947
833  87014
834  87078
835  87147
836  87220
837  87278
838  87354
839  87414
840  87505
841  87600
842  87706
843  87800
844  87894
845  87969
846  88042
847  88123
848  88196
849  88269
850  88352
851  88404
852  88476
853  88537
854  88600
855  88664
856  88713
857  88755
858  88815
859  88874
860  88987
861  89080
862  89170
863  89258
864  89351
865  89436
866  89518
867  89577
868  89668
869  89747
870  89824
871  89872
872  89941
873  89996
874  90064
875  90131
876  90174
877  90239
878  90317
879  90391
880  90506
881  90603
882  90695
883  90785
884  90882
885  90987
886  91064
887  91134
888  91216
889  91298
890  91379
891  91487
892  91574
893  91686
894  91776
895  91858
896  91952
897  92034
898  92132
899  92226
900  92308
901  92391
902  92488
903  92571
904  92663
905  92770
906  92872
907  92978
908  93073
909  93155
910  93204
911  93255
912  93313
913  93383
914  93461
915  93539
916  93638
917  93697
918  93779
919  93879
920  93979
921  94109
922  94196
923  94310
924  94392
925  94460
926  94525
927  94608
928  94667
929  94730
930  94805
931  94871
932  94950
933  95005
934  95072
935  95126
936  95202
937  95263
938  95320
939  95379
940  95444
941  95518
942  95581
943  95634
944  95680
945  95727
946  95765
947  95831
948  95901
949  95956
950  96053
951  96131
952  96223
953  96333
954  96437
955  96526
956  96627
957  96735
958  96830
959  96916
960  97007
961  97087
962  97187
963  97276
964  97377
965  97478
966  97603
967  97707
968  97802
969  97910
970  98023
971  98148
972  98287
973  98389
974  98496
975  98647
976  98789
977  98942
978  99086
979  99203
980  99291
981  99379
982  99491
983  99613
984  99741
985  99869
986  100001
987  100134
988  100260
989  100392
990  100515
991  100629
992  100750
993  100857
994  100928
995  101007
996  101098
997  101179
998  101252
999  101331
1000  101417
