1  16
2  18
3  21
4  21
5  21
6  21
7  21
8  21
9  21
10  21
11  21
12  21
13  21
14  23
15  23
16  23
17  23
18  23
19  23
20  23
21  25
22  25
23  25
24  26
25  27
26  27
27  27
28  27
29  27
30  27
31  27
32  27
33  27
34  27
35  28
36  29
37  29
38  29
39  29
40  29
41  29
42  29
43  29
44  29
45  29
46  29
47  29
48  29
49  29
50  29
51  29
52  29
53  29
54  29
55  30
56  31
57  31
58  31
59  31
60  31
61  31
62  31
63  32
64  34
65  34
66  35
67  37
68  37
69  37
70  37
71  38
72  38
73  39
74  39
75  39
76  39
77  39
78  39
79  39
80  39
81  39
82  39
83  39
84  39
85  40
86  40
87  40
88  41
89  41
90  41
91  41
92  42
93  43
94  43
95  43
96  43
97  43
98  43
99  43
100  43
101  43
102  43
103  44
104  45
105  45
106  45
107  45
108  45
109  45
110  45
111  45
112  45
113  45
114  45
115  45
116  45
117  45
118  45
119  45
120  45
121  45
122  45
123  45
124  45
125  45
126  45
127  45
128  45
129  45
130  46
131  47
132  47
133  47
134  47
135  47
136  47
137  47
138  47
139  47
140  47
141  47
142  47
143  47
144  47
145  47
146  48
147  48
148  49
149  49
150  49
151  49
152  49
153  49
154  49
155  49
156  49
157  50
158  51
159  52
160  53
161  53
162  53
163  54
164  57
165  59
166  59
167  59
168  59
169  59
170  59
171  61
172  61
173  61
174  61
175  61
176  61
177  61
178  61
179  61
180  61
181  61
182  61
183  61
184  61
185  61
186  61
187  61
188  61
189  61
190  61
191  61
192  61
193  61
194  63
195  63
196  63
197  64
198  65
199  65
200  65
201  65
202  66
203  67
204  69
205  69
206  69
207  69
208  69
209  69
210  69
211  69
212  69
213  69
214  69
215  69
216  69
217  69
218  69
219  69
220  69
221  69
222  70
223  71
224  72
225  73
226  73
227  73
228  73
229  73
230  73
231  73
232  74
233  75
234  75
235  75
236  75
237  75
238  75
239  75
240  75
241  75
242  75
243  75
244  75
245  75
246  75
247  75
248  75
249  75
250  75
251  75
252  75
253  75
254  76
255  77
256  77
257  77
258  77
259  77
260  78
261  81
262  81
263  81
264  81
265  81
266  81
267  82
268  83
269  83
270  84
271  85
272  85
273  85
274  85
275  85
276  85
277  85
278  85
279  85
280  87
281  87
282  87
283  87
284  87
285  88
286  89
287  89
288  89
289  90
290  93
291  93
292  93
293  93
294  93
295  93
296  94
297  94
298  94
299  95
300  95
301  95
302  95
303  96
304  97
305  97
306  97
307  97
308  97
309  97
310  97
311  97
312  97
313  97
314  97
315  97
316  97
317  97
318  101
319  101
320  101
321  102
322  102
323  103
324  103
325  103
326  103
327  103
328  103
329  103
330  103
331  103
332  103
333  103
334  103
335  103
336  103
337  103
338  103
339  104
340  105
341  105
342  105
343  105
344  105
345  105
346  105
347  105
348  105
349  106
350  107
351  107
352  108
353  109
354  109
355  109
356  109
357  109
358  109
359  110
360  111
361  112
362  113
363  113
364  113
365  113
366  113
367  113
368  115
369  115
370  115
371  115
372  115
373  115
374  115
375  115
376  115
377  115
378  115
379  115
380  115
381  115
382  116
383  117
384  118
385  120
386  120
387  121
388  121
389  121
390  121
391  121
392  122
393  123
394  123
395  123
396  123
397  123
398  124
399  125
400  125
401  125
402  125
403  125
404  125
405  125
406  125
407  125
408  127
409  127
410  127
411  130
412  131
413  133
414  133
415  133
416  133
417  133
418  133
419  133
420  133
421  133
422  133
423  134
424  135
425  135
426  137
427  137
428  137
429  137
430  137
431  137
432  137
433  137
434  137
435  137
436  137
437  137
438  137
439  137
440  137
441  137
442  137
443  137
444  137
445  137
446  139
447  139
448  139
449  139
450  139
451  139
452  139
453  139
454  139
455  139
456  139
457  139
458  139
459  139
460  139
461  139
462  139
463  139
464  142
465  143
466  143
467  143
468  143
469  143
470  143
471  143
472  143
473  143
474  143
475  143
476  143
477  143
478  143
479  143
480  143
481  143
482  143
483  145
484  145
485  145
486  145
487  145
488  145
489  145
490  145
491  147
492  149
493  150
494  150
495  150
496  151
497  153
498  153
499  153
500  153
501  153
502  153
503  155
504  155
505  155
506  155
507  155
508  155
509  155
510  155
511  155
512  157
513  157
514  157
515  157
516  157
517  157
518  157
519  157
520  158
521  159
522  160
523  160
524  161
525  163
526  163
527  163
528  163
529  163
530  163
531  163
532  163
533  163
534  163
535  163
536  163
537  164
538  165
539  167
540  167
541  167
542  167
543  167
544  167
545  167
546  167
547  167
548  167
549  167
550  168
551  169
552  169
553  169
554  169
555  169
556  169
557  169
558  169
559  169
560  169
561  169
562  169
563  169
564  169
565  171
566  171
567  171
568  172
569  172
570  173
571  173
572  173
573  173
574  173
575  173
576  173
577  173
578  173
579  173
580  173
581  174
582  175
583  175
584  175
585  175
586  175
587  175
588  175
589  175
590  175
591  175
592  175
593  175
594  175
595  175
596  175
597  175
598  175
599  175
600  175
601  175
602  177
603  178
604  180
605  180
606  180
607  181
608  181
609  181
610  181
611  181
612  181
613  181
614  181
615  181
616  181
617  182
618  185
619  185
620  185
621  185
622  185
623  186
624  187
625  188
626  188
627  189
628  191
629  191
630  191
631  191
632  191
633  191
634  191
635  191
636  191
637  191
638  191
639  191
640  192
641  193
642  193
643  193
644  193
645  193
646  193
647  193
648  193
649  193
650  193
651  193
652  193
653  194
654  195
655  195
656  195
657  195
658  195
659  195
660  195
661  195
662  195
663  195
664  195
665  195
666  197
667  197
668  197
669  197
670  197
671  197
672  197
673  197
674  197
675  197
676  197
677  197
678  197
679  197
680  197
681  197
682  197
683  197
684  197
685  197
686  197
687  198
688  199
689  199
690  199
691  200
692  201
693  203
694  203
695  203
696  203
697  203
698  203
699  203
700  203
701  204
702  204
703  205
704  209
705  211
706  211
707  212
708  215
709  215
710  215
711  215
712  215
713  215
714  215
715  215
716  216
717  216
718  217
719  217
720  217
721  217
722  218
723  220
724  221
725  221
726  221
727  221
728  221
729  221
730  221
731  221
732  221
733  221
734  221
735  221
736  221
737  221
738  221
739  221
740  221
741  221
742  221
743  221
744  221
745  221
746  221
747  222
748  223
749  224
750  225
751  226
752  226
753  226
754  227
755  227
756  227
757  229
758  229
759  229
760  229
761  229
762  231
763  231
764  231
765  231
766  231
767  231
768  231
769  231
770  231
771  231
772  231
773  231
774  231
775  231
776  231
777  233
778  233
779  234
780  237
781  237
782  237
783  237
784  237
785  237
786  237
787  237
788  237
789  237
790  237
791  238
792  239
793  239
794  239
795  239
796  240
797  241
798  241
799  241
800  241
801  241
802  241
803  241
804  241
805  241
806  241
807  241
808  241
809  243
810  245
811  245
812  245
813  245
814  245
815  245
816  245
817  245
818  245
819  245
820  245
821  245
822  245
823  245
824  245
825  245
826  246
827  247
828  247
829  247
830  247
831  247
832  247
833  247
834  247
835  247
836  247
837  247
838  247
839  247
840  247
841  248
842  249
843  249
844  249
845  249
846  249
847  249
848  249
849  250
850  250
851  251
852  251
853  251
854  251
855  251
856  251
857  251
858  251
859  251
860  251
861  251
862  251
863  251
864  251
865  251
866  251
867  251
868  252
869  252
870  253
871  253
872  253
873  253
874  253
875  254
876  255
877  255
878  255
879  255
880  255
881  255
882  255
883  255
884  255
885  256
886  257
887  257
888  258
889  258
890  259
891  259
892  259
893  259
894  259
895  259
896  259
897  259
898  259
899  261
900  261
901  261
902  261
903  261
904  261
905  261
906  261
907  261
908  261
909  261
910  261
911  262
912  263
913  263
914  263
915  263
916  263
917  263
918  263
919  265
920  265
921  265
922  265
923  265
924  265
925  265
926  265
927  267
928  267
929  267
930  267
931  267
932  267
933  267
934  267
935  267
936  267
937  268
938  269
939  269
940  269
941  269
942  269
943  269
944  269
945  269
946  269
947  271
948  271
949  271
950  271
951  271
952  271
953  271
954  271
955  271
956  273
957  273
958  273
959  273
960  274
961  275
962  275
963  275
964  275
965  275
966  275
967  277
968  278
969  278
970  279
971  279
972  279
973  279
974  279
975  279
976  280
977  281
978  281
979  281
980  281
981  281
982  281
983  281
984  281
985  281
986  281
987  281
988  281
989  282
990  283
991  284
992  284
993  284
994  286
995  287
996  287
997  287
998  287
999  287
1000  287
