1  -800    400
2  -800    400
3  -800    400
4  -800    400
5  -800    400
6  -800    400
7  -800    400
8  -792    398
9  -800    400
10  -800    400
11  -800    400
12  -800    400
13  -800    400
14  -800    400
15  -800    400
16  -800    400
17  -800    400
18  -800    400
19  -800    400
20  -792    398
21  -800    400
22  -800    400
23  -800    400
24  -800    400
25  -800    400
26  -800    400
27  -792    398
28  -792    398
29  -800    400
30  -800    400
31  -800    400
32  -800    400
33  -800    400
34  -800    400
35  -800    400
36  -800    400
37  -800    400
38  -792    398
39  -800    400
40  -800    400
41  -800    400
42  -800    400
43  -800    400
44  -800    400
45  -800    400
46  -800    400
47  -800    400
48  -800    400
49  -800    400
50  -800    400
51  -800    400
52  -800    400
53  -800    400
54  -800    400
55  -800    400
56  -800    400
57  -800    400
58  -800    400
59  -792    398
60  -800    400
61  -800    400
62  -800    400
63  -800    400
64  -800    400
65  -800    400
66  -800    400
67  -800    400
68  -800    400
69  -800    400
70  -800    400
71  -800    400
72  -800    400
73  -800    400
74  -800    400
75  -800    400
76  -800    400
77  -800    400
78  -800    400
79  -800    400
80  -800    400
81  -792    398
82  -800    400
83  -800    400
84  -800    400
85  -800    400
86  -800    400
87  -800    400
88  -800    400
89  -800    400
90  -800    400
91  -800    400
92  -800    400
93  -800    400
94  -800    400
95  -792    398
96  -800    400
97  -800    400
98  -800    400
99  -800    400
100  -800    400
101  -800    400
102  -800    400
103  -800    400
104  -800    400
105  -800    400
106  -800    400
107  -800    400
108  -800    400
109  -800    400
110  -800    400
111  -800    400
112  -800    400
113  -800    400
114  -800    400
115  -800    400
116  -800    400
117  -800    400
118  -800    400
119  -800    400
120  -800    400
121  -800    400
122  -800    400
123  -800    400
124  -800    400
125  -800    400
126  -800    400
127  -800    400
128  -800    400
129  -792    398
130  -800    400
131  -800    400
132  -792    398
133  -800    400
134  -792    398
135  -800    400
136  -800    400
137  -800    400
138  -800    400
139  -800    400
140  -800    400
141  -800    400
142  -800    400
143  -800    400
144  -800    400
145  -800    400
146  -800    400
147  -800    400
148  -800    400
149  -800    400
150  -800    400
151  -800    400
152  -800    400
153  -800    400
154  -800    400
155  -792    398
156  -800    400
157  -800    400
158  -800    400
159  -800    400
160  -792    398
161  -792    398
162  -800    400
163  -800    400
164  -800    400
165  -800    400
166  -800    400
167  -800    400
168  -800    400
169  -800    400
170  -800    400
171  -792    398
172  -792    398
173  -800    400
174  -800    400
175  -800    400
176  -800    400
177  -800    400
178  -800    400
179  -800    400
180  -800    400
181  -800    400
182  -800    400
183  -800    400
184  -800    400
185  -800    400
186  -800    400
187  -800    400
188  -800    400
189  -800    400
190  -800    400
191  -800    400
192  -800    400
193  -800    400
194  -800    400
195  -800    400
196  -800    400
197  -800    400
198  -800    400
199  -800    400
200  -800    400
201  -800    400
202  -800    400
203  -800    400
204  -800    400
205  -800    400
206  -800    400
207  -792    398
208  -792    398
209  -800    400
210  -800    400
211  -800    400
212  -800    400
213  -800    400
214  -800    400
215  -792    398
216  -800    400
217  -792    398
218  -792    398
219  -800    400
220  -800    400
221  -800    400
222  -800    400
223  -800    400
224  -800    400
225  -800    400
226  -800    400
227  -800    400
228  -800    400
229  -800    400
230  -800    400
231  -800    400
232  -800    400
233  -800    400
234  -800    400
235  -800    400
236  -800    400
237  -800    400
238  -792    398
239  -792    398
240  -800    400
241  -800    400
242  -800    400
243  -800    400
244  -792    398
245  -800    400
246  -800    400
247  -800    400
248  -800    400
249  -800    400
250  -800    400
251  -800    400
252  -800    400
253  -800    400
254  -792    398
255  -800    400
256  -792    398
257  -800    400
258  -800    400
259  -800    400
260  -800    400
261  -800    400
262  -800    400
263  -800    400
264  -800    400
265  -800    400
266  -800    400
267  -792    398
268  -800    400
269  -792    398
270  -800    400
271  -800    400
272  -800    400
273  -800    400
274  -800    400
275  -800    400
276  -800    400
277  -800    400
278  -800    400
279  -800    400
280  -800    400
281  -800    400
282  -800    400
283  -800    400
284  -800    400
285  -800    400
286  -800    400
287  -800    400
288  -800    400
289  -800    400
290  -800    400
291  -800    400
292  -800    400
293  -800    400
294  -800    400
295  -800    400
296  -800    400
297  -800    400
298  -800    400
299  -800    400
300  -800    400
301  -800    400
302  -800    400
303  -800    400
304  -800    400
305  -800    400
306  -800    400
307  -800    400
308  -800    400
309  -800    400
310  -800    400
311  -800    400
312  -800    400
313  -800    400
314  -800    400
315  -800    400
316  -800    400
317  -800    400
318  -792    398
319  -792    398
320  -800    400
321  -792    398
322  -792    398
323  -800    400
324  -800    400
325  -800    400
326  -800    400
327  -800    400
328  -792    398
329  -792    398
330  -792    398
331  -800    400
332  -800    400
333  -800    400
334  -792    398
335  -800    400
336  -800    400
337  -800    400
338  -800    400
339  -800    400
340  -800    400
341  -800    400
342  -800    400
343  -800    400
344  -800    400
345  -800    400
346  -800    400
347  -800    400
348  -800    400
349  -800    400
350  -800    400
351  -800    400
352  -800    400
353  -800    400
354  -800    400
355  -800    400
356  -792    398
357  -800    400
358  -800    400
359  -800    400
360  -800    400
361  -800    400
362  -800    400
363  -800    400
364  -800    400
365  -800    400
366  -800    400
367  -800    400
368  -800    400
369  -792    398
370  -792    398
371  -792    398
372  -792    398
373  -800    400
374  -800    400
375  -800    400
376  -800    400
377  -792    398
378  -792    398
379  -792    398
380  -800    400
381  -800    400
382  -800    400
383  -800    400
384  -800    400
385  -800    400
386  -800    400
387  -800    400
388  -800    400
389  -800    400
390  -800    400
391  -800    400
392  -800    400
393  -800    400
394  -800    400
395  -800    400
396  -800    400
397  -800    400
398  -800    400
399  -800    400
400  -792    398
401  -800    400
402  -800    400
403  -800    400
404  -800    400
405  -800    400
406  -800    400
407  -800    400
408  -800    400
409  -792    398
410  -800    400
411  -800    400
412  -800    400
413  -792    398
414  -792    398
415  -800    400
416  -800    400
417  -800    400
418  -800    400
419  -800    400
420  -800    400
421  -800    400
422  -800    400
423  -792    398
424  -792    398
425  -800    400
426  -800    400
427  -800    400
428  -792    398
429  -800    400
430  -800    400
431  -800    400
432  -800    400
433  -800    400
434  -800    400
435  -800    400
436  -792    398
437  -800    400
438  -800    400
439  -800    400
440  -800    400
441  -792    398
442  -792    398
443  -792    398
444  -792    398
445  -800    400
446  -800    400
447  -800    400
448  -800    400
449  -800    400
450  -800    400
451  -800    400
452  -800    400
453  -800    400
454  -800    400
455  -800    400
456  -800    400
457  -800    400
458  -800    400
459  -800    400
460  -800    400
461  -800    400
462  -792    398
463  -792    398
464  -792    398
465  -800    400
466  -800    400
467  -800    400
468  -800    400
469  -800    400
470  -800    400
471  -800    400
472  -800    400
473  -800    400
474  -800    400
475  -800    400
476  -800    400
477  -800    400
478  -800    400
479  -800    400
480  -800    400
481  -800    400
482  -792    398
483  -792    398
484  -800    400
485  -800    400
486  -788    396
487  -792    398
488  -800    400
489  -800    400
490  -800    400
491  -800    400
492  -800    400
493  -800    400
494  -800    400
495  -800    400
496  -792    398
497  -784    396
498  -792    398
499  -792    398
500  -792    398
