1  -700    372
2  -628    342
3  -640    348
4  -596    324
5  -580    320
6  -584    324
7  -636    330
8  -588    300
9  -572    304
10  -628    318
11  -556    298
12  -588    300
13  -604    286
14  -564    274
15  -536    280
16  -584    284
17  -576    286
18  -580    306
19  -596    328
20  -556    308
21  -504    280
22  -472    276
23  -528    290
24  -536    288
25  -524    286
26  -564    308
27  -600    318
28  -540    290
29  -600    322
30  -580    318
31  -584    310
32  -576    302
33  -572    304
34  -564    310
35  -600    328
36  -584    318
37  -556    302
38  -560    314
39  -476    274
40  -500    274
41  -508    272
42  -536    288
43  -536    274
44  -528    268
45  -512    246
46  -440    228
47  -436    224
48  -492    226
49  -508    236
50  -512    226
51  -472    226
52  -488    252
53  -488    250
54  -480    198
55  -508    226
56  -508    204
57  -460    188
58  -480    202
59  -516    178
60  -520    200
61  -556    196
62  -552    156
63  -500    146
64  -436    114
65  -440    134
66  -472    132
67  -508    138
68  -508    162
69  -496    136
70  -488    144
71  -476    150
72  -548    168
73  -528    166
74  -524    192
75  -512    184
76  -480    170
77  -516    144
78  -512    162
79  -532    194
80  -532    198
81  -484    174
82  -460    166
83  -484    144
84  -480    136
85  -536    146
86  -496    138
87  -492    150
88  -484    150
89  -508    178
90  -500    154
91  -512    164
92  -572    156
93  -508    158
94  -528    154
95  -532    166
96  -512    150
97  -488    156
98  -472    120
99  -480    102
100  -476    106
101  -476    134
102  -468    146
103  -464    146
104  -456    150
105  -508    156
106  -496    116
107  -500    126
108  -480    108
109  -464    68
110  -468    38
111  -448    38
112  -440    44
113  -456    36
114  -476    48
115  -468    26
116  -488    -46
117  -496    -44
118  -456    -10
119  -432    -28
120  -460    -72
121  -432    -68
122  -452    -98
123  -468    -108
124  -464    -118
125  -484    -136
126  -464    -142
127  -492    -152
128  -488    -156
129  -480    -152
130  -480    -154
131  -492    -164
132  -484    -174
133  -492    -176
134  -480    -148
135  -492    -158
136  -488    -116
137  -496    -92
138  -452    -88
139  -432    -108
140  -452    -84
141  -464    -100
142  -420    -102
143  -500    -136
144  -460    -146
145  -468    -124
146  -464    -92
147  -476    -100
148  -468    -80
149  -460    -90
150  -464    -94
151  -424    -64
152  -416    -64
153  -416    -48
154  -440    -40
155  -500    -48
156  -448    -50
157  -396    -42
158  -376    -48
159  -388    -44
160  -456    -18
161  -456    -10
162  -476    -38
163  -480    -52
164  -504    -84
165  -476    -76
166  -468    -74
167  -416    -86
168  -484    -78
169  -460    -68
170  -416    -24
171  -400    -2
172  -392    -40
173  -468    -14
174  -432    -8
175  -440    -16
176  -432    -52
177  -464    -50
178  -456    -48
179  -420    -36
180  -428    -32
181  -388    -28
182  -384    -12
183  -416    -22
184  -400    14
185  -444    6
186  -436    32
187  -448    38
188  -424    60
189  -364    38
190  -368    56
191  -364    26
192  -460    54
193  -464    40
194  -440    58
195  -460    60
196  -468    80
197  -512    104
198  -444    136
199  -492    118
200  -492    118
201  -520    134
202  -508    134
203  -480    104
204  -492    114
205  -464    102
206  -472    70
207  -472    68
208  -460    94
209  -504    94
210  -500    110
211  -496    74
212  -456    118
213  -488    108
214  -480    164
215  -468    146
216  -468    168
217  -428    164
218  -432    162
219  -452    138
220  -500    152
221  -464    166
222  -444    164
223  -524    188
224  -520    206
225  -552    218
226  -540    236
227  -532    216
228  -516    210
229  -452    190
230  -440    216
231  -452    184
232  -472    174
233  -444    158
234  -436    170
235  -424    190
236  -480    172
237  -440    188
238  -452    194
239  -476    222
240  -488    264
241  -508    254
242  -568    288
243  -552    282
244  -544    262
245  -556    300
246  -608    330
247  -580    318
248  -592    322
249  -620    334
250  -636    336
251  -620    344
252  -616    338
253  -572    332
254  -612    330
255  -568    316
256  -576    324
257  -540    302
258  -552    292
259  -528    284
260  -528    274
261  -528    270
262  -552    294
263  -552    288
264  -564    298
265  -528    274
266  -560    260
267  -556    244
268  -476    214
269  -452    222
270  -452    234
271  -464    244
272  -488    260
273  -476    242
274  -456    244
275  -500    254
276  -512    244
277  -604    276
278  -568    258
279  -548    256
280  -588    266
281  -544    266
282  -528    238
283  -544    242
284  -508    250
285  -528    264
286  -520    252
287  -524    254
288  -508    272
289  -536    268
290  -512    262
291  -532    246
292  -548    264
293  -568    292
294  -588    306
295  -564    286
296  -536    272
297  -544    252
298  -604    276
299  -592    268
300  -544    268
301  -492    258
302  -452    192
303  -456    180
304  -440    166
305  -464    180
306  -472    212
307  -400    198
308  -476    214
309  -432    200
310  -484    216
311  -500    270
312  -492    282
313  -480    268
314  -552    278
315  -584    264
316  -528    250
317  -528    242
318  -504    228
319  -544    262
320  -544    276
321  -568    286
322  -508    274
323  -464    252
324  -492    268
325  -500    278
326  -452    254
327  -464    218
328  -472    192
329  -456    188
330  -448    186
331  -384    164
332  -424    188
333  -392    158
334  -472    196
335  -476    232
336  -544    272
337  -548    278
338  -536    270
339  -584    296
340  -532    300
341  -552    302
342  -572    314
343  -536    282
344  -576    296
345  -524    270
346  -472    264
347  -508    266
348  -512    262
349  -548    298
350  -540    300
351  -496    260
352  -508    274
353  -500    262
354  -520    270
355  -532    272
356  -544    294
357  -484    264
358  -420    228
359  -392    202
360  -432    186
361  -444    218
362  -448    192
363  -428    198
364  -504    194
365  -468    170
366  -460    158
367  -460    160
368  -500    188
369  -500    160
370  -448    150
371  -428    130
372  -464    98
373  -476    92
374  -512    90
375  -524    74
376  -520    66
377  -488    56
378  -440    32
379  -424    48
380  -412    28
381  -444    26
382  -460    40
383  -488    64
384  -508    74
385  -452    62
386  -472    70
387  -436    78
388  -388    42
389  -412    26
390  -424    40
391  -452    58
392  -444    64
393  -444    68
394  -436    10
395  -456    68
396  -436    70
397  -476    90
398  -460    92
399  -488    108
400  -452    102
401  -476    100
402  -460    72
403  -476    66
404  -452    78
405  -444    80
406  -468    104
407  -428    56
408  -412    18
409  -436    46
410  -456    48
411  -464    92
412  -436    114
413  -444    124
414  -436    120
415  -488    130
416  -440    74
417  -420    62
418  -408    80
419  -500    112
420  -436    104
421  -488    92
422  -500    122
423  -460    116
424  -464    152
425  -476    144
426  -436    140
427  -492    152
428  -504    164
429  -508    134
430  -508    108
431  -472    102
432  -428    84
433  -440    82
434  -420    40
435  -452    8
436  -520    -14
437  -468    14
438  -468    34
439  -440    24
440  -424    -2
441  -460    18
442  -504    28
443  -460    2
444  -500    36
445  -484    34
446  -472    22
447  -460    22
448  -464    6
449  -432    -8
450  -492    -8
451  -544    -10
452  -480    -46
453  -504    -50
454  -476    -54
455  -472    -64
456  -484    -76
457  -464    -82
458  -452    -114
459  -440    -106
460  -376    -116
461  -420    -104
462  -452    -128
463  -480    -118
464  -484    -148
465  -488    -120
466  -448    -84
467  -456    -60
468  -416    -42
469  -436    -18
470  -472    -14
471  -428    -8
472  -452    -28
473  -452    -42
474  -448    -68
475  -460    -66
476  -508    -70
477  -568    -68
478  -492    -32
479  -492    -42
480  -468    -68
481  -424    -58
482  -492    -52
483  -440    -46
484  -468    -14
485  -500    -48
486  -504    -48
487  -476    -20
488  -444    -26
489  -424    -20
490  -468    -40
491  -456    -36
492  -420    -32
493  -408    -18
494  -436    -42
495  -444    -12
496  -500    -8
497  -500    4
498  -472    2
499  -516    -2
500  -512    26
501  -524    24
502  -456    -4
503  -428    -2
504  -420    -4
505  -452    12
506  -452    36
507  -480    36
508  -436    10
509  -432    2
510  -476    4
511  -428    28
512  -440    34
513  -444    -2
514  -432    -18
515  -464    -16
516  -452    -28
517  -452    -48
518  -408    -72
519  -404    -102
520  -380    -116
521  -388    -120
522  -404    -104
523  -456    -104
524  -448    -122
525  -460    -96
526  -448    -84
527  -436    -96
528  -448    -94
529  -452    -132
530  -460    -148
531  -448    -168
532  -428    -146
533  -412    -122
534  -432    -122
535  -412    -118
536  -440    -110
537  -424    -112
538  -440    -84
539  -448    -88
540  -444    -100
541  -400    -70
542  -432    -40
543  -388    -62
544  -348    -48
545  -376    -58
546  -404    -60
547  -432    -92
548  -436    -100
549  -424    -94
550  -472    -110
551  -444    -120
552  -500    -154
553  -472    -120
554  -468    -134
555  -456    -118
556  -468    -134
557  -484    -144
558  -524    -104
559  -432    -90
560  -472    -44
561  -488    -18
562  -488    -8
563  -488    26
564  -500    4
565  -480    28
566  -444    22
567  -452    16
568  -424    12
569  -456    44
570  -460    46
571  -412    40
572  -408    18
573  -460    -4
574  -440    16
575  -376    -2
576  -380    -32
577  -404    -24
578  -452    -22
579  -464    -60
580  -432    -64
581  -444    -60
582  -384    -62
583  -428    -80
584  -404    -104
585  -444    -124
586  -472    -100
587  -504    -106
588  -512    -118
589  -504    -116
590  -564    -144
591  -544    -146
592  -496    -132
593  -488    -144
594  -484    -124
595  -448    -102
596  -420    -92
597  -448    -82
598  -396    -80
599  -428    -104
600  -440    -72
601  -440    -48
602  -468    -24
603  -488    0
604  -472    6
605  -472    -4
606  -472    -24
607  -464    -44
608  -516    -46
609  -500    -68
610  -476    -78
611  -460    -66
612  -444    -48
613  -444    -6
614  -496    -22
615  -496    -6
616  -468    -32
617  -460    -18
618  -464    -24
619  -464    -34
620  -484    -54
621  -460    4
622  -468    -24
623  -452    -22
624  -448    -52
625  -484    -42
626  -468    -46
627  -404    -42
628  -404    -30
629  -392    -60
630  -420    -22
631  -412    -56
632  -400    -48
633  -388    -56
634  -384    -12
635  -376    -10
636  -404    -6
637  -388    -6
638  -400    -24
639  -412    -20
640  -392    2
641  -424    -12
642  -416    6
643  -444    -2
644  -456    -14
645  -424    -30
646  -452    -74
647  -420    -68
648  -452    -130
649  -452    -98
650  -384    -66
651  -376    -86
652  -444    -94
653  -440    -94
654  -432    -90
655  -456    -112
656  -412    -134
657  -384    -106
658  -404    -106
659  -384    -98
660  -444    -66
661  -428    -44
662  -424    -6
663  -400    -28
664  -452    -2
665  -436    4
666  -464    -40
667  -456    -60
668  -448    -54
669  -436    -42
670  -408    -52
671  -396    2
672  -396    -40
673  -344    -22
674  -360    -8
675  -340    -44
676  -412    -76
677  -428    -98
678  -416    -116
679  -360    -84
680  -352    -82
681  -392    -166
682  -404    -164
683  -444    -168
684  -452    -234
685  -492    -246
686  -528    -264
687  -532    -274
688  -532    -280
689  -508    -236
690  -512    -262
691  -484    -230
692  -500    -238
693  -516    -232
694  -440    -210
695  -456    -236
696  -440    -220
697  -464    -224
698  -484    -238
699  -544    -270
700  -536    -284
701  -528    -272
702  -508    -272
703  -604    -308
704  -524    -266
705  -552    -278
706  -596    -310
707  -588    -312
708  -632    -332
709  -596    -310
710  -572    -310
711  -596    -310
712  -608    -310
713  -624    -326
714  -600    -328
715  -584    -326
716  -656    -356
717  -684    -368
718  -680    -364
719  -644    -344
720  -668    -348
721  -640    -348
722  -632    -336
723  -580    -306
724  -564    -280
725  -576    -284
726  -560    -288
727  -564    -284
728  -568    -292
729  -552    -290
730  -556    -280
731  -528    -276
732  -528    -280
733  -532    -270
734  -468    -248
735  -480    -264
736  -472    -268
737  -476    -242
738  -472    -220
739  -464    -196
740  -520    -214
741  -484    -212
742  -536    -248
743  -524    -252
744  -468    -222
745  -532    -274
746  -604    -304
747  -580    -274
748  -580    -274
749  -544    -290
750  -564    -278
751  -552    -278
752  -508    -274
753  -456    -248
754  -468    -238
755  -496    -218
756  -476    -226
757  -500    -252
758  -512    -260
759  -512    -258
760  -492    -260
761  -460    -238
762  -504    -248
763  -544    -290
764  -564    -298
765  -588    -322
766  -604    -320
767  -556    -314
768  -536    -312
769  -568    -320
770  -524    -286
771  -504    -266
772  -544    -282
773  -556    -280
774  -520    -274
775  -552    -306
776  -568    -286
777  -520    -258
778  -532    -276
779  -528    -292
780  -532    -282
781  -536    -296
782  -536    -296
783  -500    -268
784  -528    -260
785  -476    -250
786  -484    -260
787  -536    -270
788  -492    -260
789  -460    -250
790  -484    -250
791  -440    -210
792  -424    -204
793  -444    -194
794  -480    -224
795  -452    -218
796  -488    -234
797  -496    -230
798  -500    -220
799  -528    -210
800  -456    -196
801  -400    -170
802  -464    -158
803  -468    -144
804  -476    -140
805  -456    -164
806  -460    -164
807  -436    -148
808  -472    -136
809  -436    -112
810  -468    -104
811  -460    -82
812  -480    -104
813  -500    -92
814  -476    -62
815  -480    -56
816  -540    -50
817  -440    -26
818  -468    -24
819  -528    -28
820  -520    -34
821  -468    -6
822  -440    -30
823  -416    -12
824  -440    -2
825  -408    -12
826  -468    -38
827  -448    -54
828  -436    -66
829  -372    -38
830  -448    -56
831  -484    -76
832  -504    -72
833  -476    -76
834  -444    -74
835  -412    -62
836  -444    -56
837  -420    -72
838  -428    -100
839  -436    -132
840  -460    -138
841  -440    -130
842  -432    -160
843  -460    -172
844  -504    -180
845  -512    -182
846  -532    -200
847  -512    -168
848  -500    -180
849  -476    -192
850  -392    -136
851  -452    -120
852  -456    -134
853  -484    -126
854  -520    -132
855  -468    -104
856  -536    -136
857  -532    -116
858  -508    -130
859  -540    -132
860  -452    -110
861  -452    -84
862  -484    -74
863  -472    -74
864  -448    -64
865  -472    -62
866  -440    -80
867  -516    -50
868  -520    -80
869  -468    -78
870  -464    -66
871  -432    -36
872  -416    -62
873  -432    -46
874  -456    -34
875  -496    -58
876  -516    -64
877  -492    -86
878  -496    -94
879  -452    -106
880  -460    -102
881  -504    -106
882  -516    -112
883  -544    -124
884  -484    -78
885  -484    -70
886  -468    -100
887  -460    -86
888  -472    -104
889  -408    -72
890  -440    -36
891  -420    -42
892  -424    -38
893  -400    -16
894  -380    -64
895  -424    -84
896  -400    -112
897  -396    -54
898  -392    -66
899  -396    -44
900  -404    -16
901  -404    18
902  -492    -4
903  -496    22
904  -448    42
905  -420    -26
906  -464    0
907  -488    24
908  -444    -4
909  -448    -12
910  -504    -34
911  -508    -46
912  -496    -50
913  -444    -44
914  -412    -60
915  -428    -74
916  -448    -98
917  -476    -98
918  -508    -34
919  -488    -36
920  -480    -70
921  -460    -52
922  -492    -86
923  -452    -82
924  -464    -78
925  -460    -90
926  -432    -94
927  -456    -92
928  -492    -118
929  -500    -162
930  -488    -198
931  -544    -234
932  -528    -226
933  -572    -224
934  -420    -178
935  -440    -170
936  -452    -180
937  -452    -196
938  -416    -180
939  -472    -186
940  -440    -178
941  -460    -176
942  -500    -188
943  -496    -200
944  -480    -184
945  -476    -212
946  -500    -226
947  -476    -222
948  -492    -224
949  -540    -232
950  -564    -262
951  -556    -252
952  -580    -268
953  -476    -254
954  -488    -260
955  -476    -198
956  -516    -210
957  -444    -206
958  -512    -212
959  -500    -190
960  -460    -214
961  -404    -180
962  -472    -198
963  -468    -240
964  -548    -274
965  -516    -234
966  -516    -254
967  -524    -248
968  -508    -230
969  -564    -278
970  -600    -312
971  -580    -312
972  -556    -290
973  -572    -304
974  -588    -314
975  -608    -334
976  -616    -332
977  -620    -338
978  -628    -344
979  -592    -324
980  -568    -304
981  -536    -300
982  -560    -292
983  -520    -268
984  -480    -220
985  -484    -230
986  -488    -224
987  -480    -220
988  -520    -242
989  -492    -212
990  -560    -256
991  -532    -254
992  -552    -252
993  -532    -268
994  -524    -280
995  -564    -294
996  -568    -296
997  -572    -312
998  -588    -298
999  -556    -290
1000  -540    -284
