1  -608    -344
2  -628    -342
3  -556    -304
4  -604    -318
5  -576    -318
6  -620    -326
7  -624    -314
8  -652    -336
9  -620    -314
10  -652    -332
11  -600    -322
12  -624    -338
13  -600    -332
14  -716    -374
15  -644    -346
16  -624    -334
17  -608    -336
18  -636    -338
19  -608    -332
20  -588    -330
21  -612    -324
22  -628    -330
23  -604    -310
24  -596    -304
25  -596    -322
26  -588    -308
27  -568    -314
28  -632    -324
29  -540    -298
30  -532    -268
31  -512    -260
32  -524    -296
33  -572    -326
34  -596    -334
35  -612    -330
36  -640    -348
37  -644    -350
38  -696    -362
39  -660    -362
40  -660    -356
41  -672    -364
42  -624    -340
43  -564    -314
44  -600    -320
45  -596    -332
46  -580    -316
47  -576    -294
48  -552    -284
49  -640    -314
50  -596    -304
51  -532    -294
52  -532    -294
53  -524    -274
54  -528    -264
55  -532    -282
56  -468    -262
57  -444    -222
58  -508    -222
59  -504    -178
60  -484    -176
61  -476    -198
62  -512    -174
63  -508    -172
64  -488    -170
65  -476    -176
66  -496    -190
67  -432    -208
68  -472    -218
69  -468    -204
70  -364    -164
71  -444    -204
72  -472    -224
73  -472    -222
74  -564    -266
75  -544    -276
76  -564    -302
77  -612    -300
78  -548    -264
79  -484    -218
80  -532    -220
81  -504    -224
82  -480    -184
83  -436    -148
84  -404    -114
85  -392    -144
86  -404    -156
87  -428    -156
88  -388    -160
89  -404    -156
90  -400    -140
91  -472    -182
92  -476    -186
93  -504    -206
94  -524    -220
95  -520    -224
96  -484    -232
97  -444    -202
98  -472    -194
99  -448    -186
100  -476    -216
101  -480    -216
102  -492    -206
103  -452    -172
104  -452    -158
105  -400    -134
106  -388    -146
107  -380    -164
108  -420    -174
109  -400    -178
110  -436    -172
111  -432    -188
112  -396    -164
113  -456    -174
114  -468    -170
115  -460    -158
116  -452    -176
117  -464    -166
118  -400    -142
119  -412    -136
120  -416    -134
121  -412    -136
122  -436    -168
123  -452    -166
124  -468    -160
125  -480    -164
126  -516    -148
127  -464    -136
128  -472    -142
129  -460    -142
130  -480    -150
131  -492    -164
132  -476    -170
133  -428    -166
134  -404    -164
135  -436    -174
136  -456    -194
137  -456    -170
138  -392    -126
139  -440    -112
140  -416    -90
141  -440    -96
142  -484    -106
143  -480    -102
144  -500    -112
145  -452    -78
146  -404    -52
147  -412    -58
148  -460    -48
149  -440    -60
150  -444    -34
151  -452    -66
152  -452    -56
153  -468    -48
154  -416    -36
155  -428    -44
156  -420    -26
157  -452    -26
158  -444    -18
159  -428    -36
160  -428    -26
161  -468    -28
162  -444    -10
163  -400    -32
164  -416    -54
165  -456    -60
166  -428    -70
167  -468    -96
168  -496    -96
169  -440    -126
170  -424    -116
171  -428    -24
172  -392    10
173  -448    42
174  -464    66
175  -484    70
176  -492    54
177  -452    78
178  -460    44
179  -424    48
180  -428    40
181  -480    52
182  -488    66
183  -440    66
184  -456    32
185  -452    36
186  -448    42
187  -476    48
188  -500    68
189  -476    66
190  -428    106
191  -484    140
192  -524    164
193  -492    168
194  -496    170
195  -428    144
196  -452    150
197  -460    178
198  -464    194
199  -504    210
200  -440    210
201  -476    188
202  -488    192
203  -532    202
204  -552    228
205  -528    208
206  -516    222
207  -528    238
208  -512    228
209  -480    214
210  -500    208
211  -456    184
212  -520    194
213  -508    210
214  -488    212
215  -404    176
216  -400    188
217  -420    190
218  -440    192
219  -520    236
220  -484    234
221  -476    224
222  -472    200
223  -520    218
224  -524    232
225  -488    234
226  -508    242
227  -476    220
228  -464    198
229  -428    164
230  -472    134
231  -500    148
232  -528    136
233  -488    114
234  -456    112
235  -436    156
236  -432    156
237  -468    140
238  -460    156
239  -452    186
240  -508    220
241  -440    202
242  -432    204
243  -428    200
244  -408    134
245  -412    138
246  -432    134
247  -400    78
248  -400    118
249  -440    124
250  -412    116
251  -412    156
252  -428    120
253  -388    124
254  -360    100
255  -404    126
256  -368    158
257  -424    172
258  -412    162
259  -392    154
260  -416    172
261  -456    168
262  -460    164
263  -492    204
264  -484    176
265  -428    152
266  -472    132
267  -452    130
268  -480    136
269  -480    136
270  -476    140
271  -488    136
272  -472    130
273  -472    110
274  -468    92
275  -464    74
276  -480    56
277  -448    54
278  -432    56
279  -472    44
280  -504    58
281  -540    56
282  -512    36
283  -476    16
284  -484    42
285  -484    48
286  -448    86
287  -480    72
288  -472    44
289  -444    54
290  -444    96
291  -452    104
292  -476    120
293  -492    134
294  -512    142
295  -456    138
296  -452    100
297  -428    64
298  -452    34
299  -432    26
300  -472    22
301  -416    26
302  -396    -44
303  -460    -18
304  -476    -26
305  -496    -46
306  -500    -44
307  -496    -24
308  -484    -38
309  -496    -40
310  -452    -26
311  -468    6
312  -476    -10
313  -504    -36
314  -492    -44
315  -452    -48
316  -464    -26
317  -484    -30
318  -456    -34
319  -436    12
320  -428    -2
321  -464    28
322  -476    72
323  -440    52
324  -448    80
325  -436    10
326  -420    4
327  -404    56
328  -396    76
329  -436    120
330  -424    168
331  -480    184
332  -500    204
333  -532    188
334  -552    210
335  -532    232
336  -540    266
337  -544    258
338  -540    256
339  -520    264
340  -540    282
341  -520    282
342  -504    284
343  -540    292
344  -552    278
345  -528    270
346  -536    266
347  -544    266
348  -540    278
349  -576    292
350  -516    264
351  -544    274
352  -552    290
353  -592    282
354  -576    268
355  -528    254
356  -532    254
357  -520    228
358  -580    232
359  -564    272
360  -552    260
361  -496    250
362  -500    254
363  -564    286
364  -524    278
365  -552    296
366  -548    292
367  -540    274
368  -560    286
369  -604    300
370  -596    296
371  -596    306
372  -624    306
373  -560    272
374  -576    258
375  -596    282
376  -592    302
377  -584    296
378  -576    296
379  -544    294
380  -540    282
381  -504    262
382  -540    272
383  -568    272
384  -548    256
385  -500    224
386  -496    206
387  -452    198
388  -464    182
389  -476    188
390  -436    200
391  -456    196
392  -444    178
393  -448    196
394  -452    188
395  -432    178
396  -468    186
397  -484    194
398  -520    204
399  -452    198
400  -368    182
401  -400    184
402  -480    214
403  -480    198
404  -452    206
405  -460    206
406  -436    198
407  -484    216
408  -484    222
409  -512    242
410  -552    268
411  -552    284
412  -540    262
413  -508    264
414  -484    258
415  -440    246
416  -544    256
417  -500    230
418  -484    242
419  -504    236
420  -424    212
421  -464    220
422  -556    260
423  -572    280
424  -552    276
425  -580    288
426  -524    274
427  -592    288
428  -604    312
429  -532    280
430  -544    266
431  -528    270
432  -496    248
433  -528    272
434  -540    244
435  -476    254
436  -532    276
437  -536    302
438  -556    304
439  -576    298
440  -500    264
441  -516    266
442  -500    256
443  -448    220
444  -520    220
445  -536    236
446  -516    246
447  -508    254
448  -528    276
449  -556    300
450  -552    308
451  -532    302
452  -560    292
453  -496    232
454  -476    252
455  -500    258
456  -416    222
457  -440    224
458  -520    252
459  -512    270
460  -488    244
461  -448    240
462  -472    256
463  -540    266
464  -536    272
465  -584    280
466  -524    260
467  -504    242
468  -496    238
469  -464    226
470  -524    256
471  -504    260
472  -436    226
473  -460    220
474  -480    228
475  -436    198
476  -460    214
477  -476    218
478  -452    200
479  -448    210
480  -424    210
481  -412    132
482  -404    140
483  -400    108
484  -408    92
485  -408    68
486  -380    46
487  -424    32
488  -452    40
489  -416    48
490  -412    56
491  -412    48
492  -468    4
493  -436    10
494  -464    -16
495  -456    -10
496  -500    0
497  -524    -18
498  -504    -30
499  -504    -26
500  -484    -48
501  -492    -34
502  -452    -30
503  -432    -14
504  -448    -6
505  -436    4
506  -420    -2
507  -428    0
508  -396    26
509  -432    14
510  -448    14
511  -452    20
512  -452    22
513  -420    44
514  -416    48
515  -408    66
516  -380    60
517  -404    42
518  -396    42
519  -380    32
520  -376    56
521  -404    76
522  -412    26
523  -428    30
524  -440    26
525  -436    26
526  -440    24
527  -400    26
528  -400    34
529  -380    4
530  -376    58
531  -440    56
532  -464    100
533  -476    110
534  -372    94
535  -352    34
536  -384    20
537  -408    48
538  -416    34
539  -412    -4
540  -396    68
541  -444    60
542  -464    68
543  -464    54
544  -524    82
545  -492    84
546  -488    90
547  -504    76
548  -484    82
549  -448    36
550  -456    26
551  -464    64
552  -460    60
553  -444    34
554  -528    48
555  -540    50
556  -516    58
557  -492    64
558  -472    66
559  -428    42
560  -396    52
561  -400    76
562  -464    74
563  -428    76
564  -436    96
565  -464    100
566  -500    136
567  -468    104
568  -444    118
569  -444    164
570  -484    176
571  -472    200
572  -504    190
573  -528    202
574  -540    198
575  -520    194
576  -548    200
577  -492    162
578  -520    132
579  -540    144
580  -524    178
581  -456    152
582  -416    146
583  -428    90
584  -448    72
585  -400    78
586  -440    58
587  -460    68
588  -428    72
589  -432    48
590  -480    32
591  -468    58
592  -508    64
593  -436    46
594  -436    70
595  -464    92
596  -484    84
597  -516    70
598  -488    76
599  -456    82
600  -472    82
601  -468    90
602  -412    76
603  -384    98
604  -432    122
605  -484    150
606  -464    134
607  -468    162
608  -508    172
609  -432    142
610  -460    142
611  -392    96
612  -416    126
613  -384    150
614  -384    110
615  -464    92
616  -416    86
617  -408    112
618  -412    90
619  -452    128
620  -456    158
621  -536    168
622  -548    158
623  -504    138
624  -444    156
625  -464    180
626  -464    172
627  -468    178
628  -452    180
629  -480    178
630  -512    158
631  -504    146
632  -492    150
633  -512    128
634  -512    100
635  -500    112
636  -528    98
637  -500    106
638  -452    132
639  -428    132
640  -440    114
641  -432    82
642  -452    66
643  -444    56
644  -412    50
645  -440    38
646  -432    8
647  -516    16
648  -456    6
649  -496    2
650  -464    14
651  -492    0
652  -420    -32
653  -444    -38
654  -472    -60
655  -500    -80
656  -528    -100
657  -552    -74
658  -560    -66
659  -532    -24
660  -528    -18
661  -484    -38
662  -488    -44
663  -476    -44
664  -444    -46
665  -484    -56
666  -504    -50
667  -476    -30
668  -492    -62
669  -500    -42
670  -496    -72
671  -456    -54
672  -504    -38
673  -528    -56
674  -544    -58
675  -492    -54
676  -480    -62
677  -476    -74
678  -404    -44
679  -440    -62
680  -468    -74
681  -448    -58
682  -424    -34
683  -420    -48
684  -440    -12
685  -436    -20
686  -480    -34
687  -464    -22
688  -348    -14
689  -352    24
690  -356    42
691  -408    38
692  -428    2
693  -388    24
694  -400    -4
695  -436    -30
696  -436    -34
697  -448    -32
698  -424    -8
699  -488    18
700  -436    54
701  -404    40
702  -448    28
703  -456    12
704  -392    28
705  -388    50
706  -424    56
707  -432    68
708  -440    70
709  -412    94
710  -456    104
711  -448    86
712  -428    80
713  -404    88
714  -412    96
715  -456    122
716  -464    124
717  -460    142
718  -452    124
719  -448    134
720  -460    168
721  -448    160
722  -480    178
723  -436    158
724  -440    110
725  -428    84
726  -388    114
727  -408    84
728  -420    158
729  -412    132
730  -460    152
731  -412    134
732  -460    114
733  -440    104
734  -436    120
735  -428    90
736  -428    70
737  -448    64
738  -428    38
739  -452    38
740  -488    14
741  -428    36
742  -428    56
743  -472    32
744  -456    24
745  -496    34
746  -468    64
747  -528    76
748  -488    98
749  -456    86
750  -488    124
751  -516    132
752  -488    120
753  -520    142
754  -496    136
755  -464    130
756  -488    116
757  -456    124
758  -428    120
759  -452    132
760  -468    118
761  -408    118
762  -412    122
763  -444    120
764  -448    136
765  -480    158
766  -524    178
767  -484    178
768  -500    168
769  -556    178
770  -520    172
771  -452    156
772  -492    152
773  -488    172
774  -508    180
775  -516    210
776  -496    210
777  -468    196
778  -500    226
779  -508    236
780  -492    234
781  -564    290
782  -620    322
783  -660    358
784  -644    348
785  -608    316
786  -608    306
787  -592    314
788  -604    318
789  -572    300
790  -544    298
791  -588    308
792  -532    292
793  -524    292
794  -512    274
795  -488    212
796  -492    206
797  -480    182
798  -428    134
799  -460    128
800  -464    136
801  -488    132
802  -444    128
803  -456    106
804  -464    70
805  -492    70
806  -480    54
807  -512    52
808  -432    42
809  -480    72
810  -452    60
811  -396    92
812  -444    118
813  -416    110
814  -448    126
815  -476    106
816  -476    78
817  -524    48
818  -508    64
819  -496    74
820  -484    84
821  -504    120
822  -456    168
823  -472    170
824  -504    198
825  -536    206
826  -540    200
827  -464    152
828  -456    130
829  -448    110
830  -416    78
831  -424    16
832  -428    58
833  -432    78
834  -432    64
835  -424    64
836  -444    58
837  -456    94
838  -460    112
839  -484    90
840  -444    72
841  -428    58
842  -456    62
843  -416    40
844  -444    38
845  -488    48
846  -468    86
847  -488    72
848  -508    100
849  -464    110
850  -436    112
851  -452    130
852  -496    148
853  -508    152
854  -448    160
855  -448    142
856  -452    146
857  -480    192
858  -464    176
859  -512    142
860  -452    120
861  -484    106
862  -492    106
863  -512    130
864  -548    152
865  -516    166
866  -476    140
867  -484    176
868  -440    176
869  -476    190
870  -464    184
871  -484    170
872  -496    134
873  -464    126
874  -424    100
875  -444    64
876  -424    68
877  -428    84
878  -416    56
879  -404    44
880  -388    84
881  -368    106
882  -408    116
883  -464    140
884  -480    74
885  -520    38
886  -460    46
887  -444    36
888  -404    22
889  -428    36
890  -460    30
891  -464    46
892  -496    66
893  -456    64
894  -496    98
895  -520    112
896  -488    112
897  -492    102
898  -520    98
899  -532    166
900  -544    160
901  -536    190
902  -484    182
903  -468    190
904  -516    226
905  -500    214
906  -484    212
907  -476    244
908  -484    266
909  -516    262
910  -520    278
911  -528    268
912  -540    266
913  -508    252
914  -532    262
915  -560    280
916  -560    262
917  -552    256
918  -612    270
919  -528    256
920  -572    288
921  -556    274
922  -536    274
923  -548    256
924  -520    266
925  -496    266
926  -540    274
927  -568    278
928  -536    280
929  -536    272
930  -596    272
931  -572    278
932  -552    264
933  -528    250
934  -536    256
935  -528    246
936  -540    234
937  -568    232
938  -520    194
939  -528    188
940  -484    188
941  -492    192
942  -476    178
943  -468    140
944  -452    114
945  -448    148
946  -448    170
947  -472    160
948  -472    172
949  -508    196
950  -532    192
951  -512    192
952  -480    176
953  -520    200
954  -524    212
955  -504    212
956  -500    222
957  -524    238
958  -500    198
959  -488    214
960  -468    210
961  -488    204
962  -420    152
963  -444    138
964  -424    128
965  -424    148
966  -412    122
967  -404    84
968  -412    78
969  -384    76
970  -396    94
971  -448    110
972  -468    134
973  -448    114
974  -452    98
975  -396    90
976  -456    74
977  -472    48
978  -440    24
979  -436    24
980  -440    2
981  -488    -26
982  -500    18
983  -420    -14
984  -384    6
985  -428    42
986  -412    50
987  -420    54
988  -432    10
989  -424    24
990  -376    22
991  -388    0
992  -416    -48
993  -444    -42
994  -432    -54
995  -384    -18
996  -432    -50
997  -484    -38
998  -444    -28
999  -436    -38
1000  -428    -46
